23
0	2.652496866	2.284989807	2.998165481	7.096458164	6.428901663	0.356500995	3.309543966	5.144559527	6.832388816	3.003829683	2.724590386	0.315450915	0.156708079	1.143311431	0.574830535	7.523954857	4.873922688	8.907989278	7.475972009	3.634368963	5.250860336	0.8126331
0.615741191	0	9.307508778	1.156976397	4.778461894	1.387526785	9.01382459	6.884566598	5.441832183	6.34713654	7.341228	0.313454194	0.546909691	3.31334655	2.489735156	3.802237913	3.891817954	3.657399227	1.431074273	6.693702534	0.965858248	7.807124911	5.887020617
8.666209412	2.955909342	0	2.098919929	5.605894546	7.603603526	7.103495449	5.542076067	0.842323676	4.574095039	4.30064995	8.796425902	1.812052129	8.277231006	2.798975391	0.850585475	5.713219032	1.637379066	2.813074885	9.321715049	0.676764553	8.617944492	8.946124943
7.528207289	6.637054941	4.629847243	0	1.843040478	2.613802103	2.263723054	4.137383387	5.35551447	8.620878009	7.756191598	5.670953475	6.547345332	3.591776786	6.953090052	8.410674053	3.343142353	5.114323274	9.882140601	4.616115302	6.981649555	8.893548577	5.653846161
5.817070659	1.564209618	4.215933268	6.793897061	0	4.976310003	4.453808329	2.964869637	0.097976358	4.33907805	6.198798065	0.509066556	1.655912231	4.827293668	0.964379148	3.280878388	3.619922513	3.372269112	1.1682177	5.179302002	8.038234736	5.616614518	2.884455586
3.36424648	2.377947568	5.936338344	2.892148795	5.906584135	0	0.67606321	1.730053663	2.970293841	3.369083227	9.879644238	0.099331194	7.644922206	2.894252332	6.565422993	1.132486687	4.265024057	8.914535234	1.763798964	4.382891615	6.491824155	8.318293196	6.070749104
1.263544062	1.37950068	0.189452048	2.721835521	3.259922764	7.814738933	0	0.664331722	6.515111252	7.020873534	4.112250165	8.522145201	8.101287301	4.855848983	1.406135138	1.766458778	0.504930085	1.031636	3.81042657	4.312610855	6.264473703	5.509510977	1.020572314
5.818703582	7.601150714	3.014433445	6.864128877	4.72297536	6.454278558	9.582992821	0	6.685767844	3.039261955	0.70493034	5.234136203	6.564915126	6.144721626	9.424363085	8.783123017	1.164420293	7.884971289	0.416297233	0.568393486	4.305691389	8.308403945	8.948412124
4.961165588	5.720513639	3.27771397	2.542168602	8.751105774	6.723076423	9.446824558	9.377258684	0	6.170809984	5.638126724	4.15583047	6.524312996	7.391202263	1.110692041	0.219804386	0.812146847	8.207453706	7.51611447	7.873475413	7.515303344	9.907410765	2.794389082
6.228881895	5.962357908	8.430289132	5.982839381	9.5788346	5.847874243	4.08621032	2.784824361	1.873320541	0	9.994298687	6.120675	3.262449581	2.630607311	7.307668683	0.727401384	5.922263038	4.658561594	3.846686752	0.423861202	4.854133652	4.55986406	4.538204055
3.880116131	8.733797044	6.734043393	7.153431203	5.961119236	6.265288642	3.513024888	3.53069215	7.040871993	0.517113571	0	0.68565494	5.930439883	4.963360924	7.280900104	7.83319517	1.923037883	8.268321814	5.301801071	1.101589588	0.824610755	0.615497357	6.912811569
1.139189886	0.097139364	6.118967921	6.497226851	1.37817334	7.153639248	8.0043282	2.620525997	8.299091314	7.48906397	2.210522589	0	1.655614451	1.902790351	9.417306769	9.483048974	5.137243122	4.977966749	0.724711469	9.504611804	6.905800999	3.984880691	7.626533363
3.300589936	7.207026689	2.32238494	0.255761066	3.942696117	3.331833245	4.047568327	3.281813716	2.80577422	7.62188452	6.641136268	4.712554347	0	4.109513249	1.642886262	6.899249985	9.647374979	8.982935421	3.522035238	2.021346826	3.76045207	3.513048036	3.758029771
4.02621281	3.549278801	9.580375189	0.977996508	7.016973822	5.813176073	3.315479655	3.438963977	6.178488128	1.045176946	6.796060235	6.220836149	6.945085636	0	9.799302474	1.06286507	0.511126686	1.888450631	8.586913345	4.189229825	4.539384488	3.408323654	5.259872161
2.981322369	1.680255909	3.906556323	8.402918211	7.173017984	8.322889326	1.209336612	9.008140437	1.060499787	7.281677784	5.47078749	0.717207866	5.811718349	8.999179478	0	3.054927923	4.56040149	9.816300661	8.002057642	0.321373023	8.31772754	0.515444783	4.296479528
8.55499793	0.747941766	7.64935442	6.423023975	2.631732695	8.360065017	6.31179763	0.277795855	0.346362954	3.743845986	0.424700787	3.099702199	4.288566629	0.126134873	0.883861841	0	2.520405673	5.017385221	7.853522138	1.554191313	5.826158979	0.820606043	1.285216636
7.527619236	0.861789813	5.751027302	2.952407491	7.707240689	4.924074916	1.453019082	2.213671491	2.580980258	9.920384143	0.205937946	4.629838061	1.75286323	6.983050426	2.651501303	2.507564388	0	8.903121875	9.673204317	2.652871225	5.961574314	0.734607087	6.689471802
9.768334679	6.928155643	3.529840433	8.676165056	0.730283672	4.229210668	7.191237776	7.25946476	7.316682449	9.251597765	2.054916637	3.449563661	0.277985926	2.21304857	6.463276182	7.948657748	5.881010566	0	9.518035148	8.736460757	2.894361843	7.640927511	3.662352684
1.196329211	1.26244971	0.631871545	7.723712946	6.698113651	4.287439133	9.052994735	1.57455862	5.853474793	9.08921268	7.270999776	0.602065195	4.995545887	3.369428595	3.271496864	1.483970403	6.186602073	0.732228559	0	3.329945722	5.510201709	7.804254254	7.69429802
0.399914421	9.672798225	8.664641939	7.561753945	6.098763351	8.06814434	9.358831236	5.194839992	0.636834238	6.462322829	8.585775642	3.015854602	0.821311746	8.215924205	0.704883662	4.775711629	4.377179612	0.394240852	3.952673895	0	1.323597152	1.160900182	3.313961247
2.898879842	2.012199302	3.922612115	6.086846715	1.034856901	5.442892953	6.764964038	0.825083119	5.254576865	7.312663579	9.782281864	3.903457387	7.968263277	8.426908686	2.783475408	8.625254819	0.740845736	7.959243989	9.848484439	4.078944549	0	1.427688001	3.437132466
5.157273255	1.693910555	8.008830576	6.838360255	1.649331873	0.201595517	1.982841604	5.600667302	6.266845212	8.800098951	7.885072091	1.406277682	3.166388864	9.218307601	5.112215062	9.177391941	3.279526317	0.341234061	3.372984421	8.193269655	8.214547922	0	7.188407253
0.42080166	4.806377487	5.546569788	4.975153465	3.095450854	2.536108142	9.231333	3.034659305	5.502306269	0.263140853	6.419584884	8.856417221	0.986795881	3.435613936	3.27773593	2.757839451	6.854520892	0.362954597	6.690364057	8.178674267	4.873242845	2.231250793	0

// optimum: 11.1748