25
0	
4.913122191	3.886306426	9.528683168	3.310659824	6.103401692	3.621287074	6.773621873	5.853683304	1.136996506	8.555954808	0.145439353	0.473158487	9.00277473	8.363893065	3.907057679	3.32673133	3.941661795	3.173756171	1.572628948	6.902168527	8.310377916	8.33478449	8.031743774	1.868876347
9.379753521	0	0.672599019	7.708238137	4.720014171	7.372443333	6.879240317	3.132423656	5.645998541	1.464943263	9.32105368	4.181462356	8.255071703	5.172462808	0.870503997	1.333025489	3.756599944	5.681322544	8.381972304	1.463263304	2.822182325	8.765879864	1.819413469	0.572948474	9.040230912
6.221057307	9.117077664	0	0.933009936	5.2038526	9.149652619	0.851641351	6.082978488	3.04500082	7.066326498	0.50580939	9.667290326	4.571557544	9.379913404	2.242813935	8.788929782	8.192659049	2.217793099	3.059295852	7.45783041	5.465729291	1.040639586	2.234640345	8.516101421	8.745323453
9.934902899	2.794640913	8.281672758	0	6.421430076	6.978046445	3.507407937	8.366620667	0.694839534	6.132334338	7.768799081	9.489047265	4.046461821	2.414815875	8.019975955	6.297120353	6.132253005	6.970029578	4.773751637	5.128094398	5.128355595	7.69356536	0.618671276	8.083871792	3.818140759
0.073668688	5.613454631	1.851201179	2.760053631	0	8.599975893	2.476518851	4.00490665	4.301479922	6.947582633	4.322313557	1.554714457	0.963948719	9.053640105	7.91274371	3.169245654	7.274836166	8.279252536	2.6524302	1.630260319	2.899864902	1.686474077	4.975182309	3.378731483	4.635168387
4.102003438	7.889036131	0.337110864	2.879069527	7.455094296	0	8.594355003	7.273758057	7.691152666	6.923607236	8.85993163	5.501805122	5.34136886	9.69684823	4.859734239	9.56323158	2.610619233	1.004761566	9.876605562	0.256491613	1.117405532	6.152999343	0.719821939	1.484535724	1.738619
7.090470848	7.627464167	1.438857317	3.130975652	1.425145627	8.468469316	0	0.950420882	6.196753108	0.425546955	1.409913618	8.874916521	2.668427261	8.737398619	2.105104357	6.343160415	8.291707593	4.97354038	7.25333835	7.149207234	4.477517876	5.816328908	4.279474211	0.829494871	8.58239564
9.820851582	2.696661007	6.02102286	4.578781707	0.328409589	7.423844455	1.689664498	0	6.308302476	5.951883232	5.558492548	2.068588129	7.717282001	3.539798506	6.474396747	7.163721633	7.023425171	9.171870713	9.055537494	6.546999205	0.192459054	2.253643448	5.145575629	6.811517835	8.029931304
4.068609331	9.925513858	0.584864638	6.068883064	4.613841025	4.645979372	0.276683025	9.417259523	0	9.019043823	8.142658289	1.160329636	7.710629437	8.204969186	3.115641741	0.83080711	1.469892718	7.929651703	9.222644536	7.705261126	5.482784467	8.539523726	8.775784506	9.092903011	3.513745604
0.608850009	1.629207009	2.55530263	7.740397671	0.558799025	0.078490457	2.968052898	1.360783353	6.366578176	0	8.27753633	5.797566293	0.011830662	8.30220307	8.049623009	7.460843468	5.056969778	6.613455204	2.856832959	9.069761176	6.237780927	3.359755933	8.276286373	3.521742394	9.145318082
8.282153864	1.146364206	0.556135459	3.919613672	6.639144057	5.147057685	1.366797881	5.43526267	1.827954206	4.45152843	0	0.573976233	9.133852434	5.678028545	6.031608506	8.540406664	7.447117893	0.258099541	6.908857567	4.003439081	9.888484826	6.922743669	0.378842388	2.724360985	8.062506971
3.994234643	9.491702202	0.120596205	6.488597449	6.628816776	3.722831583	4.042250738	1.057771516	0.487324295	8.125170777	9.415474384	0	1.487198265	7.887431123	4.574329641	6.60467039	6.581165549	5.740123884	5.869933933	0.734422268	4.874366106	3.262794894	6.021923537	3.424324679	2.405942115
0.870777864	4.022668984	8.745364716	0.340145383	2.681081109	3.01084332	1.605516849	9.894242301	3.466905405	0.591254276	8.821511104	8.173824059	0	7.239358263	9.850772449	6.54948785	4.633442739	7.154409007	5.564127968	7.414039789	5.39804003	6.264406905	4.853479207	8.132565561	2.039642945
3.446633039	1.496342093	7.688963406	5.42287828	0.200860473	4.763973963	9.101560988	8.543734111	0.125972745	9.291596499	4.882487731	3.025279383	3.382088058	0	7.600085079	2.54882723	4.145493642	5.006327954	9.260104658	5.601113778	0.651681006	2.272430304	9.651282826	7.361899778	3.330985217
5.719087233	9.268980789	2.773602212	1.660591122	0.778683055	9.559553361	6.486825714	9.228609317	6.285371138	0.74321909	1.267953893	4.68844923	7.373158715	3.905010617	0	3.222543342	0.711434527	9.111760675	8.714859133	0.744815852	6.949750771	5.615588513	2.808057316	0.044175119	5.957113043
6.920460667	7.957475923	2.484309352	0.515417046	4.02408242	2.626712098	9.052781747	9.482804395	2.735238046	4.886118911	8.68709391	8.06256085	4.523379442	6.222765807	5.896257631	0	9.259464082	9.310017199	5.792182423	7.136848548	3.102858325	5.284878288	4.902937694	3.864358684	3.979901828
8.729121739	0.8178647	4.362484205	6.070643496	1.903048924	1.956748217	9.337506928	5.768811095	7.60703749	0.828460161	8.420510191	9.943858414	0.746751592	5.960656166	1.71747926	9.477078571	0	6.501917013	7.440251391	2.822184714	8.78934163	2.237422429	5.838944644	6.388620889	4.759016074
0.410136786	0.066648982	6.672924148	6.901328836	0.063764538	8.344801874	6.412478126	9.060947742	9.681040554	9.612551451	6.981066912	3.171416401	8.593748182	1.314165664	8.53425698	7.051067505	0.647236885	0	8.626722466	5.154612171	5.559398739	0.96828443	1.634658084	6.090317587	5.122291009
8.133268905	8.947181403	2.381824782	4.014454574	8.071641627	3.705687498	5.670188697	9.036458429	9.171506099	5.474664491	8.79324094	0.532537614	2.165178443	6.330756525	6.473097284	4.401694586	1.155802771	3.252280937	0	2.764349728	0.791948112	9.83567931	8.319769363	0.568184573	2.253960545
8.259783822	1.450186693	4.396785989	2.948468104	9.018522073	3.018547153	7.264861937	0.322352755	7.93967349	7.646615925	9.52827143	9.266981244	3.136063647	1.394349335	6.018089817	5.7733617	2.298529775	5.974189005	4.623490927	0	9.417665692	3.008034501	4.02010901	3.603853295	5.556479584
2.299261702	3.162450206	0.536743794	3.474072117	0.975530913	2.80236981	4.187177106	4.379624648	4.406934838	2.620318751	6.263720306	8.110393986	4.292611337	9.849206921	1.174439771	6.286262884	9.501052896	1.953764781	0.037186328	7.320200424	0	3.801633733	7.958157553	9.178598914	5.133202716
5.297145515	5.379374652	2.951723776	0.992475695	9.217073076	2.987945711	6.728093725	8.721745646	8.377255161	5.136208621	4.818137886	1.045446414	9.442498441	6.890462813	3.348552451	8.246889176	4.811868772	9.476483667	0.659363026	7.717551702	6.188535385	0	9.719284251	5.203900042	9.615579908
6.723550032	4.098134149	9.888743848	9.466598031	3.572529814	7.928571871	8.617615848	5.718515724	3.656197142	9.625405139	3.217139262	7.637960941	4.527675102	8.410446239	1.105788089	2.058094268	4.657072502	9.222312318	4.442546116	2.358678895	6.698698955	0.035706358	0	2.785414942	7.673410495
2.67774352	0.232381612	4.333086208	7.352919278	5.133499069	8.207629681	9.244364802	1.01999399	9.474242588	8.649729969	1.111293787	6.129552673	0.450070555	2.256191129	0.16634376	5.775339291	1.720449909	8.651827736	1.713465424	0.057203569	3.909519938	7.508579252	3.870102393	0	0.388875002
1.25466014	4.130502022	7.773630323	6.936669971	7.149056362	2.995805211	3.916245641	3.561714834	1.714651453	1.705192554	8.809345222	8.692692573	3.047027739	6.972692506	0.926369858	9.991645315	0.061911469	0.145803919	4.053555905	2.085812486	6.877698182	7.987112618	3.546288547	0.213094375	0

// optimum: 11.5426